0,97966,51,44,103
1,51881,10,65,113
2,26321,78,37,146
3,78248,31,25,109
4,23365,63,34,65
5,35583,55,82,127
6,56565,47,50,140
7,87366,56,99,170
8,35142,60,72,84
9,75191,34,30,153
10,21138,57,70,158
11,44352,78,75,71
12,96360,90,34,87
13,36780,19,67,126
14,79981,13,93,146
15,27360,58,62,128
16,31633,81,58,164
17,50703,63,19,123
18,50884,69,79,50
19,42625,48,92,102
20,74944,23,34,90
21,49897,56,93,74
22,28123,73,32,177
23,35800,54,55,91
24,77507,44,23,84
25,70657,88,59,96
26,74304,75,12,95
27,24458,44,27,102
28,90089,85,77,159
29,14250,72,93,105
30,96146,50,11,109
31,41849,61,93,117
32,88228,28,69,179
33,52070,81,73,116
34,61719,68,58,110
35,42774,38,29,164
36,55631,54,69,178
37,64317,74,37,184
38,77471,97,32,146
39,63589,22,18,62
40,54935,94,29,120
41,15933,98,75,199
42,55682,13,52,145
43,63043,53,78,151
44,29734,85,26,197
45,11968,53,77,137
46,64230,63,70,73
47,86742,86,84,59
48,84776,54,78,175
49,92103,80,80,165
50,91235,39,83,56
51,59188,79,38,81
52,61193,67,10,82
53,38421,80,59,71
54,50587,46,70,56
55,84918,76,100,194
56,59515,18,95,75
57,58987,11,53,54
58,13738,23,23,162
59,12127,58,77,185
60,61908,45,70,56
61,17445,49,92,128
62,75452,88,86,139
63,63220,34,30,131
64,56757,15,30,122
65,45897,78,54,85
66,77886,93,49,160
67,75694,12,17,72
68,60750,35,27,149
69,41566,70,53,148
70,50808,24,99,178
71,70781,76,41,195
72,42806,53,62,102
73,81100,100,28,50
74,53250,80,20,144
75,94439,94,93,156
76,71470,24,79,60
77,29080,70,19,155
78,43153,14,58,190
79,45583,18,85,167
80,25151,95,27,65
81,28089,68,56,122
82,63881,57,20,149
83,11277,82,12,115
84,88616,76,97,81
85,61377,93,16,136
86,42162,25,25,55
87,55663,61,88,151
88,23680,55,79,184
89,96332,23,14,192
90,85640,75,100,186
91,73765,100,96,155
92,58872,34,80,157
93,87744,75,70,60
94,49957,58,25,118
95,51855,49,64,129
96,48602,64,22,82
97,54159,37,51,71
98,24849,19,64,76
99,72523,63,62,157
100,51731,30,63,164
101,49414,14,12,130
102,58970,56,45,71
103,50384,65,50,198
104,64281,30,60,155
105,21043,95,65,163
106,96531,15,95,113
107,42505,99,59,170
108,90846,84,79,197
109,91204,73,16,126
110,53568,14,55,151
111,64592,83,20,173
112,78843,93,78,200
113,33862,18,95,160
114,78343,93,10,63
115,45466,14,23,144
116,88479,27,66,83
117,50664,74,55,193
118,50004,40,19,173
119,66084,11,54,152
120,36029,10,92,168
121,47951,85,61,91
122,16466,96,79,82
123,96874,60,37,118
124,80340,50,91,86
125,35161,70,29,133
126,88770,59,66,102
127,29213,14,30,145
128,65174,55,36,173
129,73388,75,88,123
130,24355,24,28,80
131,29102,96,53,169
132,15750,15,16,147
133,13960,66,60,200
134,83800,69,37,109
135,33180,81,11,98
136,16902,52,47,111
137,37457,100,59,117
138,46022,35,86,144
139,38260,93,54,158
140,70729,69,18,147
141,97722,13,90,155
142,77808,66,14,100
143,46727,31,42,110
144,74617,24,76,86
145,92778,26,69,51
146,84392,28,75,151
147,97992,59,59,184
148,19787,97,54,98
149,94600,100,83,79
