0,11535,61,56,156
1,94354,90,56,140
2,84673,50,89,89
3,59101,24,36,81
4,59067,19,16,197
5,73436,99,21,165
6,67526,39,18,157
7,64119,82,33,192
8,90956,35,35,124
9,26449,68,86,142
10,94663,46,25,57
11,17877,69,60,166
12,48274,100,53,162
13,96861,22,17,150
14,76825,19,94,166
15,38119,47,79,94
16,56516,40,11,109
17,65785,75,31,80
18,14841,27,40,67
19,16987,71,58,188
20,42712,60,24,185
21,45340,56,29,175
22,47584,55,25,112
23,63884,44,60,170
24,18097,81,89,92
25,11510,65,35,174
26,55327,57,60,194
27,92602,59,65,87
28,49495,83,76,116
29,26594,59,47,191
30,40653,94,71,162
31,27133,22,19,167
32,53284,41,87,112
33,63325,96,19,115
34,97874,80,29,94
35,70362,36,100,149
36,53702,22,64,133
37,54580,19,96,104
38,55397,43,28,128
39,65028,34,23,68
40,35131,79,43,98
41,31701,68,86,190
42,62432,35,22,90
43,30826,39,14,191
44,98431,97,48,96
45,61184,76,19,181
46,64246,69,55,60
47,74210,95,18,152
48,31061,52,47,60
49,48205,99,71,113
