0,30639,92,94,78
1,64813,67,89,88
2,77061,81,19,83
3,22322,58,55,190
4,90079,89,34,187
5,78425,89,49,88
6,93786,24,48,83
7,74671,24,59,175
8,51223,96,59,98
9,52167,87,12,192
10,95608,32,36,160
11,39416,65,87,172
12,68255,49,17,167
13,16443,78,14,171
14,31016,78,95,98
15,63100,50,59,185
16,94439,62,62,123
17,61069,49,41,146
18,97720,74,15,118
19,63269,48,94,112
20,95785,74,46,74
21,34501,21,61,70
22,17422,19,89,141
23,72172,37,19,66
24,59373,81,24,200
25,44368,33,82,81
26,57241,13,22,84
27,83150,47,41,68
28,12317,44,88,119
29,51143,33,65,147
30,63734,80,10,120
31,62482,100,49,79
32,78610,48,41,68
33,52157,56,26,127
34,73066,70,27,94
35,39060,22,32,117
36,53855,56,82,179
37,46183,73,67,137
38,30653,32,51,130
39,94031,18,93,185
40,89962,84,49,180
41,76155,90,80,86
42,43526,35,64,159
43,40993,13,22,62
44,19429,17,100,118
45,91152,91,12,100
46,74536,76,67,171
47,15114,56,57,200
48,92685,35,62,149
49,36450,83,61,191
50,89981,68,28,170
51,71706,76,85,97
52,59842,58,64,189
53,58579,94,27,90
54,51538,37,59,128
55,36937,51,93,105
56,67590,53,11,115
57,24036,83,15,112
58,61995,27,47,96
59,64651,67,81,108
60,74970,23,49,190
61,73581,33,62,146
62,42503,44,86,186
63,56274,28,20,147
64,67436,78,50,100
65,45517,66,66,84
66,27601,95,19,80
67,45281,16,90,155
68,11830,58,52,190
69,60027,41,90,174
70,59815,10,39,184
71,91910,13,67,140
72,24818,17,41,117
73,33680,13,73,74
74,20140,40,87,98
75,78283,92,24,72
76,15206,81,86,95
77,60523,57,61,117
78,94362,17,14,114
79,57351,54,15,54
80,69231,52,52,54
81,25496,16,97,74
82,89447,56,70,124
83,75967,82,30,70
84,31503,77,69,88
85,58810,81,56,125
86,26823,15,96,116
87,20803,60,37,182
88,56641,54,54,78
89,46508,64,76,169
90,50754,55,76,89
91,93752,11,61,81
92,37365,85,39,97
93,21371,51,88,188
94,64374,23,87,153
95,88916,70,48,159
96,40851,80,53,127
97,32935,96,24,86
98,95979,20,51,163
99,72833,80,95,104
100,80363,56,16,71
101,58026,100,20,151
102,10135,90,76,131
103,61026,63,13,86
104,53141,43,38,109
105,52132,77,56,188
106,58428,30,15,162
107,54627,56,49,158
108,70647,60,18,89
109,12814,37,27,58
110,27777,18,22,156
111,56047,85,94,103
112,25635,49,17,191
113,11065,33,90,99
114,61098,44,73,145
115,44366,93,35,64
116,56809,89,15,194
117,83540,25,35,57
118,39432,44,61,78
119,49859,26,56,113
120,61218,100,80,114
121,42012,42,51,168
122,30641,20,21,75
123,22927,82,81,62
124,77482,79,78,111
125,85174,68,25,115
126,66877,67,21,190
127,99378,69,94,190
128,42495,69,87,133
129,64659,79,67,109
130,36327,80,98,196
131,89304,50,72,194
132,55745,30,25,87
133,59013,83,30,161
134,50966,19,82,145
135,27973,75,29,167
136,84613,76,41,62
137,92025,69,45,166
138,54593,68,95,168
139,19873,51,60,194
140,28258,27,95,184
141,81677,89,32,199
142,95212,16,88,136
143,43590,59,70,196
144,29133,66,96,190
145,25449,14,34,142
146,49258,36,46,94
147,67014,65,86,199
148,43571,65,72,200
149,48844,34,47,120
150,42556,69,56,175
151,50101,92,65,86
152,42032,88,44,118
153,55841,68,27,168
154,19994,14,72,83
155,69044,46,78,191
156,70451,99,68,131
157,85440,64,48,66
158,82468,74,34,76
159,28540,57,93,179
160,45815,80,13,128
161,67425,35,44,82
162,69951,41,31,123
163,23021,38,100,116
164,20635,30,77,191
165,11993,17,14,128
166,92041,18,47,136
167,56073,42,92,99
168,68832,51,38,88
169,33318,18,20,86
170,78984,70,25,181
171,42603,47,79,91
172,66051,22,15,180
173,47698,97,99,133
174,43389,21,67,142
175,67372,88,14,148
176,37742,92,88,63
177,94905,64,90,129
178,46101,53,46,101
179,37092,65,67,134
180,74581,69,27,90
181,78456,69,48,76
182,66273,41,65,86
183,78150,33,88,185
184,56192,37,41,92
185,25071,81,96,56
186,47456,99,43,167
187,34826,33,53,105
188,45590,47,88,113
189,75403,22,27,200
190,80284,97,96,95
191,80958,17,26,137
192,86720,29,81,112
193,33509,19,72,99
194,66748,80,80,53
195,41893,19,68,198
196,87202,81,45,90
197,47816,58,86,102
198,41890,41,85,95
199,42418,78,60,67
200,34795,70,45,178
201,95823,20,99,74
202,88896,97,23,141
203,78268,78,94,115
204,81674,50,11,155
205,23424,48,11,172
206,34566,52,96,139
207,21955,14,91,175
208,42410,38,14,122
209,69275,86,88,94
210,84180,80,13,116
211,39259,83,83,152
212,85092,62,87,66
213,37678,13,32,171
214,75625,54,24,147
215,62338,37,15,63
216,20183,30,68,175
217,44950,27,100,111
218,45206,74,97,186
219,88423,37,54,54
220,80069,94,48,76
221,44237,82,10,65
222,74022,16,90,67
223,63140,81,27,165
224,93467,80,56,189
225,25787,66,43,90
226,31511,35,10,111
227,58757,54,65,178
228,32420,18,44,77
229,92325,60,73,197
230,73636,98,89,168
231,17941,55,47,161
232,50532,91,51,60
233,72140,36,34,83
234,98484,25,56,77
235,49451,81,65,77
236,68596,69,87,91
237,88973,26,60,200
238,56275,66,85,131
239,13515,61,91,192
240,41162,94,18,85
241,84926,40,11,170
242,91003,62,67,71
243,10441,22,40,113
244,38481,19,92,59
245,64674,68,40,160
246,59147,87,42,62
247,56426,54,72,168
248,92928,10,49,171
249,84325,54,18,182
250,67122,68,13,198
251,90450,47,44,158
252,45140,59,36,100
253,66933,67,59,127
254,19342,16,32,185
255,36581,84,75,148
256,76276,93,57,157
257,12953,27,32,194
258,64638,57,42,126
259,11295,21,29,123
260,55580,82,63,64
261,46746,55,95,146
262,36020,57,53,112
263,41643,31,97,133
264,45918,39,42,110
265,89996,48,12,112
266,92644,44,100,110
267,29939,71,99,117
268,96973,47,46,153
269,48707,63,66,82
270,89562,46,11,169
271,61245,12,60,62
272,11793,60,54,81
273,15101,26,64,133
274,51318,26,37,58
275,40695,97,77,131
276,37024,100,58,116
277,61372,14,83,128
278,66627,77,58,95
279,65713,54,11,179
280,33467,62,58,151
281,57988,25,23,87
282,73719,43,93,185
283,56991,10,76,107
284,48227,70,23,155
285,63055,97,87,108
286,36497,35,38,92
287,93316,68,22,167
288,84733,65,44,85
289,15161,85,98,191
290,80624,63,31,66
291,46029,48,65,138
292,41330,29,95,176
293,66008,10,70,174
294,33802,52,95,50
295,99550,41,29,85
296,60321,69,45,129
297,39855,62,23,155
298,74607,19,77,86
299,76923,25,23,58
300,83214,86,40,145
301,60881,59,72,62
302,92266,23,38,115
303,85788,58,73,164
304,92021,81,21,188
305,28013,48,75,184
306,73645,56,97,133
307,85610,85,35,128
308,40020,44,54,156
309,82035,50,29,64
310,81348,61,33,108
311,33460,23,11,100
312,88470,37,63,153
313,27427,74,99,179
314,29603,71,76,71
315,63980,65,99,145
316,40176,72,51,141
317,73287,87,17,140
318,97669,46,46,175
319,11123,31,29,96
320,11121,14,53,79
321,25279,17,45,162
322,85600,96,88,134
323,77060,70,15,86
324,84286,44,74,197
325,19477,78,64,53
326,44700,92,69,107
327,79501,95,50,194
328,34955,52,33,63
329,30458,21,21,138
330,50538,36,40,52
331,38847,58,12,64
332,44336,15,79,78
333,56214,23,52,72
334,53100,30,49,111
335,85526,36,36,104
336,82007,49,46,135
337,74236,23,74,139
338,18169,43,71,159
339,69571,69,44,190
340,58470,55,19,78
341,33492,47,34,117
342,44778,97,38,171
343,78534,93,23,105
344,70875,46,82,128
345,22885,61,31,152
346,98950,81,45,157
347,44589,42,38,90
348,76340,13,44,126
349,23511,54,57,199
350,22592,23,19,53
351,28213,89,77,156
352,94396,92,30,97
353,64958,84,48,177
354,26905,73,76,100
355,70714,75,94,65
356,30210,74,91,151
357,22742,17,64,194
358,96558,36,57,157
359,63610,81,67,69
360,33782,22,41,160
361,93895,94,61,160
362,16196,17,83,165
363,44608,71,16,189
364,45918,56,35,194
365,43027,20,13,161
366,83694,56,28,98
367,96695,82,34,50
368,96709,31,97,150
369,44111,56,55,147
370,31450,36,79,148
371,74847,66,23,151
372,44950,10,53,77
373,33547,96,47,61
374,11330,25,87,118
375,62899,68,53,84
376,26314,32,26,157
377,43266,14,30,145
378,59499,38,93,166
379,45225,47,100,122
380,65105,73,47,111
381,50022,89,75,66
382,69401,37,76,141
383,94910,21,61,164
384,90912,50,99,193
385,77824,86,47,52
386,91578,33,76,58
387,13217,52,60,103
388,95193,10,10,135
389,47208,51,12,164
390,32837,21,58,63
391,55971,79,93,72
392,72537,13,93,154
393,19585,99,38,57
394,44830,10,64,192
395,86118,37,30,183
396,55054,49,75,52
397,19775,100,75,99
398,12383,92,81,59
399,26857,23,14,50
400,94871,79,76,126
401,31720,32,87,118
402,66467,81,90,187
403,85593,36,54,141
404,59983,95,80,89
405,85444,46,43,114
406,72950,76,68,66
407,18816,83,51,199
408,56075,25,60,84
409,69789,44,91,150
410,51223,29,67,56
411,23586,67,44,78
412,71736,36,93,113
413,85753,84,21,151
414,92363,17,15,196
415,54450,24,21,172
416,21235,60,38,68
417,61750,39,20,138
418,57397,23,50,157
419,99001,100,53,92
420,66426,35,27,73
421,39303,47,23,77
422,68327,33,37,151
423,60169,24,93,83
424,51709,79,41,94
425,32810,27,65,134
426,36377,33,68,140
427,97265,48,83,97
428,31314,80,45,69
429,66453,62,96,103
430,29134,18,43,181
431,34064,61,36,107
432,78099,31,54,98
433,16993,50,71,130
434,93151,88,14,80
435,66074,38,70,188
436,74364,73,57,174
437,55905,55,70,84
438,61538,75,63,78
439,92017,18,70,55
440,46224,72,47,102
441,86007,32,26,177
442,31082,98,83,172
443,50090,50,17,79
444,38735,55,80,84
445,25570,14,43,100
446,15127,82,50,187
447,66732,91,68,166
448,84187,63,53,83
449,88169,12,56,199
