0,64887,86,53,138
1,98824,100,41,145
2,62873,24,85,70
3,36693,66,31,180
4,97996,61,21,113
5,19248,75,34,197
6,60982,28,27,200
7,90645,70,90,64
8,83251,56,73,153
9,10725,35,67,109
10,50422,88,50,122
11,38181,71,58,109
12,75535,81,42,176
13,62965,38,30,155
14,84065,15,63,68
15,51134,24,25,144
16,62116,95,28,122
17,97852,68,29,92
18,29736,33,49,124
19,62476,51,94,139
20,96111,89,60,77
21,82027,21,78,57
22,95508,31,58,185
23,20684,74,94,182
24,71943,84,31,91
25,23557,40,33,81
26,79594,43,53,127
27,60356,36,98,149
28,59488,13,81,55
29,96095,88,39,123
30,75017,40,67,174
31,95924,47,76,144
32,46808,26,50,194
33,51866,12,62,62
34,87677,88,26,60
35,63877,30,26,130
36,56244,79,42,196
37,65254,66,14,153
38,50370,65,95,159
39,50281,52,18,167
40,37997,71,96,92
41,47932,77,90,93
42,94482,61,97,125
43,47742,41,75,93
44,13238,75,79,50
45,70806,59,20,189
46,60852,55,94,115
47,50443,33,13,68
48,52657,61,59,59
49,16954,38,66,165
50,84531,63,14,138
51,61304,85,11,161
52,23925,32,51,156
53,28357,47,32,117
54,14243,59,17,82
55,60291,54,39,127
56,81154,94,25,60
57,98127,18,95,90
58,88633,35,61,129
59,28939,97,41,143
