0,48598,82,51,155
1,16944,46,11,66
2,61180,65,95,76
3,92310,17,99,117
4,42271,49,63,106
5,14847,37,21,112
6,46307,17,100,181
7,37693,52,66,72
8,74002,91,88,94
9,28685,70,93,83
10,15149,32,54,115
11,89113,71,47,194
12,48344,71,64,83
13,68789,43,45,83
14,54316,21,90,72
15,12160,56,98,93
16,81362,22,20,110
17,87149,44,65,137
18,45637,11,72,147
19,45376,89,88,113
20,39352,80,55,200
21,83245,54,33,76
22,50819,50,47,149
23,49991,65,12,73
24,50114,29,22,162
25,18120,49,14,82
26,97806,20,20,184
27,74269,84,30,172
28,64547,28,12,114
29,54005,30,31,53
30,52872,89,63,135
31,17386,74,85,148
32,30629,14,67,57
33,18840,51,73,195
34,27438,99,39,198
35,81209,98,18,82
36,48498,100,90,96
37,14036,20,60,90
38,69196,61,12,111
39,30864,19,89,81
40,87031,66,44,171
41,73845,42,42,67
42,53020,59,91,66
43,47085,73,90,81
44,33360,98,44,132
45,71537,86,26,124
46,54016,100,36,125
47,44093,60,56,132
48,17938,95,38,141
49,28205,72,56,135
50,61359,45,56,126
51,14262,93,70,133
52,45115,99,79,173
53,77865,30,23,92
54,82598,42,11,53
55,63134,90,40,94
56,88817,12,19,119
57,58549,20,90,132
58,13002,91,20,56
59,75399,85,58,137
60,12085,34,44,85
61,61828,35,37,177
62,21410,69,96,196
63,70657,43,28,174
64,35625,18,10,145
65,84396,79,21,195
66,25714,51,13,92
67,78781,87,39,109
68,43705,14,41,73
69,35840,41,26,63
70,62704,65,57,78
71,99263,60,95,196
72,78276,52,34,64
73,82432,43,73,148
74,42383,80,22,199
75,38687,24,40,89
76,60304,62,53,150
77,10177,60,71,166
78,75594,46,41,74
79,28542,27,24,140
80,85018,33,20,109
81,85412,42,91,138
82,56797,63,82,55
83,44310,74,32,96
84,54853,65,19,176
85,54259,66,94,147
86,23849,24,75,112
87,22356,37,32,60
88,91709,39,85,167
89,17073,12,70,190
90,38319,50,88,50
91,50237,65,77,83
92,79834,26,16,163
93,22508,64,54,189
94,40787,44,33,153
95,90190,32,35,68
96,50204,67,81,150
97,35359,66,78,160
98,78861,79,96,139
99,92202,10,79,111
100,91470,85,100,181
101,58253,48,72,101
102,70039,26,77,172
103,23619,68,73,199
104,71902,97,96,123
105,97156,98,20,85
106,33547,71,50,82
107,72034,79,32,120
108,28954,29,94,112
109,18616,17,68,103
110,40989,79,52,92
111,42166,51,79,188
112,42536,95,31,148
113,53004,53,76,53
114,83163,95,19,130
115,70298,96,91,135
116,56482,90,19,198
117,26350,14,76,169
118,89180,34,86,161
119,77123,45,79,96
120,78927,11,83,156
121,23935,42,41,155
122,67092,41,92,79
123,96800,94,37,95
124,36230,79,42,60
125,22356,25,99,130
126,97278,55,67,95
127,32080,21,85,185
128,61107,82,55,155
129,37112,73,90,179
130,25958,92,99,64
131,58816,90,26,188
132,74392,40,96,200
133,95513,48,53,72
134,21763,34,41,125
135,90079,20,82,103
136,79980,19,76,101
137,81319,23,87,181
138,99208,10,56,85
139,26325,38,58,131
140,95354,91,67,125
141,50219,47,63,183
142,21977,77,39,110
143,40700,99,35,156
144,33252,22,79,167
145,24335,20,69,123
146,34923,67,91,113
147,82405,19,46,141
148,76348,36,86,190
149,36026,83,50,67
150,88066,96,12,115
151,33488,55,47,128
152,89730,64,51,166
153,58487,36,99,55
154,72792,54,85,91
155,21437,97,78,90
156,44089,33,11,75
157,47518,34,87,189
158,39295,53,61,64
159,78651,37,94,105
160,91722,78,20,162
161,85417,68,91,79
162,34630,46,73,145
163,65328,17,48,145
164,45511,36,87,93
165,18511,32,60,149
166,79301,34,61,109
167,12490,25,29,62
168,43968,17,86,197
169,21958,75,15,91
170,92356,64,14,169
171,51854,29,87,157
172,31750,60,97,152
173,53118,46,99,138
174,48926,25,85,194
175,29038,58,100,90
176,49215,63,53,184
177,55259,47,43,173
178,64840,23,69,58
179,56673,52,98,51
180,42959,73,38,189
181,80343,77,31,150
182,23580,88,28,161
183,91674,43,81,167
184,84571,79,91,151
185,13992,98,28,160
186,69562,51,59,132
187,68242,91,91,144
188,21813,51,44,65
189,34112,85,77,200
190,14439,60,60,55
191,88610,43,86,51
192,41422,96,31,87
193,76390,85,76,111
194,76737,44,35,121
195,29530,37,64,158
196,23398,78,77,60
197,68122,75,31,64
198,69072,87,31,145
199,29006,27,10,200
200,91173,17,54,128
201,20529,86,96,113
202,40297,23,41,105
203,63625,67,88,83
204,17593,47,32,71
205,44785,59,99,166
206,62186,66,45,84
207,68512,69,99,192
208,93044,98,70,189
209,22520,69,94,118
210,30103,58,84,175
211,21615,56,82,99
212,93440,31,10,121
213,88636,67,88,155
214,35742,37,99,194
215,37403,96,87,60
216,45970,34,34,88
217,10397,60,61,187
218,70679,92,19,62
219,80725,60,48,144
220,13601,84,12,66
221,77961,100,45,89
222,39180,27,39,108
223,54745,34,48,175
224,13056,10,55,84
225,17306,41,10,137
226,67578,11,71,105
227,47648,93,94,102
228,46422,46,72,81
229,91304,23,22,116
230,17428,18,70,116
231,69204,83,52,114
232,61882,74,22,174
233,92790,23,62,153
234,13060,75,90,183
235,46809,74,12,96
236,72133,34,51,94
237,70247,17,59,186
238,83422,43,89,172
239,22765,91,38,117
240,28807,75,40,191
241,62119,47,44,180
242,61696,61,66,150
243,39845,87,49,75
244,45860,34,60,120
245,31750,13,86,117
246,55606,88,98,113
247,99715,92,72,111
248,54896,97,66,158
249,17901,35,89,148
250,12574,66,13,113
251,80059,47,17,61
252,89242,44,78,127
253,13190,15,19,179
254,68008,41,19,121
255,53997,99,70,182
256,33399,86,23,159
257,82532,38,68,163
258,86767,39,43,176
259,44199,73,48,80
260,91042,78,16,107
261,27063,29,84,109
262,91636,32,79,60
263,18253,33,28,72
264,26607,92,78,116
265,39886,11,33,134
266,40482,35,20,131
267,26513,36,62,70
268,36669,62,82,177
269,78184,89,92,158
270,49144,61,26,107
271,85698,85,100,148
272,70994,11,80,115
273,39386,92,84,184
274,45892,80,94,59
275,56446,47,42,162
276,17697,37,80,126
277,35395,75,31,175
278,21692,92,11,199
279,41111,100,75,53
280,21551,51,55,67
281,70350,96,11,155
282,96613,74,15,79
283,92662,96,79,182
284,44322,38,32,90
285,70330,25,85,181
286,64590,42,42,193
287,31108,68,92,107
288,91136,48,13,97
289,88893,18,40,175
290,81844,55,53,100
291,75534,78,18,91
292,29973,71,25,170
293,28317,62,30,61
294,99059,59,43,180
295,42440,43,98,106
296,91718,32,72,177
297,71807,24,21,60
298,14981,26,55,116
299,46854,32,10,87
300,33139,27,76,82
301,67282,36,24,119
302,72187,97,46,152
303,64881,81,71,86
304,82434,20,26,63
305,18678,85,33,68
306,95374,23,95,114
307,14635,19,34,125
308,59211,91,11,144
309,56873,45,62,192
310,58349,69,82,178
311,75480,59,95,59
312,53221,50,99,109
313,55780,100,74,113
314,16744,49,56,85
315,83268,100,51,101
316,42744,57,87,55
317,23454,30,96,105
318,76995,74,69,87
319,20638,82,52,100
320,22490,55,51,193
321,36585,40,88,144
322,70044,49,58,173
323,44058,70,100,126
324,47780,52,64,91
325,42231,30,31,60
326,85945,77,80,182
327,71290,72,52,72
328,64125,39,80,86
329,37637,86,70,95
330,77248,37,65,80
331,28536,93,90,176
332,54801,24,93,69
333,83026,35,97,152
334,84976,80,21,181
335,57163,98,67,137
336,62805,62,12,84
337,27582,84,54,81
338,11256,82,26,200
339,95439,56,27,195
340,25875,41,25,54
341,32295,81,49,172
342,34061,87,69,96
343,25483,71,100,141
344,19803,12,76,196
345,67599,33,88,102
346,64606,57,36,86
347,38231,98,16,50
348,63656,14,57,151
349,78695,90,54,72
