0,44188,91,41,97
1,46851,74,62,100
2,75400,64,15,162
3,74760,29,11,114
4,34345,62,93,73
5,66394,71,93,162
6,65607,65,55,122
7,11895,17,81,147
8,68377,32,76,146
9,53724,41,26,157
10,64216,47,92,142
11,75084,94,72,96
12,66214,94,73,139
13,29467,46,63,195
14,36753,71,20,185
15,46091,93,23,72
16,56771,52,32,107
17,24297,89,26,150
18,50749,98,56,53
19,36217,90,73,81
20,23583,36,28,127
21,13299,55,16,146
22,86909,48,73,155
23,22686,58,42,67
24,48216,58,77,130
25,19224,44,20,61
26,32545,49,56,135
27,72414,89,62,155
28,26854,31,53,104
29,49090,33,89,120
30,93218,52,81,197
31,78097,84,29,126
32,93659,91,95,111
33,80850,98,96,144
34,68589,47,48,174
35,38194,89,27,99
36,95796,71,60,102
37,43358,22,30,173
38,39444,40,47,155
39,85835,87,15,157
