0,27869,67,47,121
1,32995,12,15,69
2,51441,50,62,85
3,38698,48,48,185
4,14725,17,19,145
5,70937,39,21,168
6,80509,95,24,102
7,39522,73,68,82
8,46507,89,26,164
9,41478,37,53,108
10,70245,45,55,109
11,42498,30,46,186
12,86338,86,50,182
13,78297,70,61,192
14,23165,34,60,133
15,70528,16,40,68
16,79517,65,73,135
17,47812,55,12,129
18,95637,59,39,135
19,15296,97,35,115
20,90762,14,89,129
21,35923,24,49,94
22,51197,11,86,135
23,52412,74,92,103
24,36541,28,78,158
25,44765,25,37,67
26,82238,61,67,87
27,83879,29,34,103
28,66053,92,32,121
29,83651,99,88,101
30,62764,21,76,100
31,10762,65,21,115
32,26840,31,44,189
33,96183,57,93,96
34,64080,65,39,195
35,86744,79,70,177
36,43802,52,53,151
37,46239,27,45,136
38,46761,70,50,157
39,55327,78,11,84
40,84320,73,27,161
41,36156,86,51,64
42,91360,14,99,172
43,73847,96,76,167
44,78180,90,77,152
45,15626,65,47,70
46,51840,68,41,78
47,28724,99,85,119
48,76265,76,96,60
49,26854,76,67,61
50,15011,28,74,171
51,87243,85,52,108
52,43362,36,71,137
53,25708,76,27,110
54,29486,89,25,196
55,60768,45,31,176
56,70238,68,95,123
57,89913,63,68,91
58,62670,37,47,159
59,11519,91,10,98
60,66999,59,70,154
61,45998,58,31,92
62,73668,93,67,54
63,78781,28,31,126
64,40817,68,95,165
65,72859,79,46,79
66,69158,92,64,197
67,63333,11,65,136
68,37275,14,55,143
69,47667,10,33,92
70,54796,63,82,63
71,63661,60,46,109
72,76421,50,68,185
73,12642,77,71,110
74,67709,40,94,70
75,69559,62,76,129
76,67435,98,30,133
77,31493,99,22,190
78,68493,26,33,149
79,92766,66,84,166
80,79687,55,85,55
81,56396,12,26,71
82,33509,70,94,172
83,16668,44,85,81
84,12196,60,13,135
85,96600,41,81,179
86,29546,81,28,64
87,23561,22,82,109
88,41944,38,60,195
89,27090,98,39,114
90,32514,70,85,101
91,43335,59,66,145
92,26346,30,45,55
93,60129,36,70,114
94,68104,28,47,188
95,71603,81,23,99
96,88149,26,63,137
97,76160,33,96,115
98,35756,99,33,185
99,15807,58,18,85
