0,20625,96,77,54
1,41765,85,57,151
2,93936,55,98,77
3,26522,15,59,187
4,14172,94,32,83
5,57817,34,71,96
6,90673,40,68,120
7,87340,39,53,180
8,90600,14,20,76
9,31100,14,45,71
10,71718,89,64,120
11,68787,44,100,52
12,93657,92,16,65
13,21124,31,15,51
14,98684,41,75,128
15,73650,72,70,52
16,38711,30,73,179
17,94248,11,74,105
18,30345,56,52,55
19,28623,79,47,59
20,88922,16,31,130
21,87328,42,79,194
22,88838,28,16,200
23,54892,81,40,175
24,68433,22,75,158
25,31229,16,27,133
26,38552,20,23,112
27,79451,100,37,84
28,95468,30,10,109
29,21634,21,63,166
30,33334,38,46,190
31,64569,30,39,139
32,84920,41,68,186
33,18651,40,43,56
34,62231,24,42,191
35,96158,30,25,80
36,92113,100,19,94
37,54014,85,76,174
38,84805,50,93,54
39,51675,13,61,126
40,41472,97,36,192
41,38300,36,34,65
42,25467,60,37,186
43,12579,47,97,175
44,19354,40,49,127
45,90732,82,63,166
46,59439,89,83,105
47,28107,70,100,80
48,91891,64,11,174
49,77424,89,23,105
50,12523,38,64,139
51,49328,57,49,95
52,47418,30,84,194
53,40494,74,52,160
54,52782,46,78,153
55,31044,97,10,73
56,57153,94,25,123
57,31265,99,75,193
58,44962,71,59,150
59,64802,46,65,78
60,67849,35,66,74
61,14512,27,63,196
62,24235,51,14,87
63,21334,58,14,181
64,33241,13,50,90
65,57267,93,51,170
66,20178,84,47,146
67,55412,72,92,59
68,91046,83,41,131
69,10847,66,86,93
70,24796,68,75,124
71,26028,34,94,171
72,91860,40,73,182
73,35856,67,44,117
74,15535,22,81,61
75,59355,13,76,100
76,34620,78,47,113
77,56292,29,46,51
78,91063,64,11,169
79,29810,93,70,78
