0,32392,22,66,159
1,30078,69,70,139
2,69943,61,57,115
3,61929,16,82,96
4,65168,12,53,153
5,27402,80,83,120
6,41911,80,91,65
7,23460,19,82,190
8,35954,45,54,158
9,69409,82,67,80
10,81880,49,79,87
11,88998,29,19,57
12,60705,60,92,57
13,23793,53,61,100
14,35643,20,60,126
15,73093,47,62,124
16,62946,37,16,103
17,39160,13,20,182
18,31142,97,41,194
19,21750,53,88,55
20,24635,79,33,175
21,72585,30,25,147
22,20952,41,94,123
23,44682,34,29,58
24,97191,53,85,122
25,60399,80,43,105
26,60874,32,93,148
27,88846,21,61,173
28,88974,53,99,183
29,38507,18,15,133
30,39164,87,22,156
31,51886,97,23,121
32,89425,84,98,169
33,30360,29,51,125
34,61719,71,11,175
35,29069,23,58,51
36,94650,73,55,179
37,32299,29,83,64
38,21739,64,72,87
39,74351,28,19,93
40,26141,36,73,117
41,36166,30,82,123
42,54594,44,91,108
43,60051,35,21,116
44,17771,58,65,134
45,24816,67,25,114
46,97908,73,61,197
47,86389,37,55,134
48,83606,94,30,65
49,94262,85,12,150
50,30143,74,82,161
51,78158,57,98,77
52,55021,31,76,76
53,33723,53,25,184
54,92432,49,72,151
55,60515,87,79,65
56,72090,82,100,155
57,98595,32,88,173
58,50076,45,86,133
59,58998,96,64,101
60,21121,47,80,193
61,46183,83,30,120
62,65469,30,60,148
63,17120,89,58,53
64,57940,16,27,124
65,20429,81,100,143
66,31410,20,38,100
67,82530,69,78,132
68,43389,38,78,90
69,40042,81,17,185
70,81361,96,88,151
71,79630,100,77,200
72,44515,56,24,176
73,91861,13,63,105
74,64941,42,54,145
75,44276,82,98,63
76,73049,47,41,82
77,82038,13,97,138
78,50523,66,66,88
79,80401,83,60,196
80,77572,56,13,93
81,33408,39,24,177
82,55045,32,30,135
83,10978,43,33,131
84,67348,12,99,82
85,25428,16,18,190
86,80690,48,76,178
87,54422,38,10,142
88,52816,21,58,164
89,21495,25,45,123
90,32272,51,83,148
91,96223,15,33,118
92,45238,68,91,165
93,93350,71,88,118
94,39773,45,49,160
95,69750,38,98,139
96,48532,91,29,191
97,69615,15,37,178
98,57137,49,49,108
99,38358,91,18,76
100,66196,86,65,125
101,66085,65,75,91
102,36803,88,47,80
103,97513,28,90,155
104,70604,46,35,172
105,68713,55,53,127
106,11837,72,92,64
107,57638,89,61,139
108,35205,88,60,123
109,91682,73,46,133
110,71902,34,59,159
111,59255,66,90,200
112,82230,71,68,52
113,81839,83,75,89
114,90345,25,57,118
115,25378,40,46,102
116,57673,33,44,87
117,49454,31,77,68
118,31671,25,99,174
119,76522,69,29,130
120,23320,37,39,174
121,10945,36,82,180
122,86744,70,26,122
123,43128,61,15,133
124,85570,77,84,73
125,62982,17,32,68
126,39618,90,23,81
127,67924,32,92,162
128,15315,34,85,110
129,31951,35,53,65
130,79508,69,29,154
131,12136,45,28,140
132,14023,68,22,173
133,65698,56,29,121
134,82077,42,50,128
135,46521,98,61,129
136,78391,98,60,199
137,79544,51,84,137
138,87747,97,53,186
139,64628,68,48,57
140,83394,93,46,89
141,59760,13,16,134
142,88918,33,60,155
143,25805,27,52,169
144,41319,57,22,106
145,91037,39,67,50
146,70132,72,56,190
147,97399,34,20,86
148,41756,11,87,112
149,42175,52,37,161
150,76922,67,100,99
151,48623,80,92,156
152,32730,57,78,146
153,87849,89,29,149
154,42392,65,13,85
155,37823,18,80,64
156,14527,13,91,138
157,90271,54,66,109
158,15729,71,98,112
159,49293,37,65,193
160,36506,28,87,176
161,89186,96,37,172
162,92322,40,35,103
163,34149,39,15,75
164,16436,81,49,67
165,68345,36,29,57
166,78100,86,25,107
167,58512,88,71,166
168,78026,20,64,107
169,30751,57,85,182
170,29891,70,75,80
171,80003,32,52,156
172,56359,45,88,138
173,17833,73,38,99
174,81343,11,14,194
175,91550,11,99,86
176,27860,58,67,200
177,67230,40,96,177
178,87379,36,77,161
179,38356,90,26,167
180,72684,94,70,137
181,79053,67,14,114
182,86705,44,24,133
183,40818,36,35,151
184,26796,51,83,98
185,70417,59,45,70
186,31849,100,44,159
187,18275,28,29,91
188,11747,19,97,77
189,24556,68,91,71
190,86544,81,34,102
191,59139,47,20,154
192,13370,95,72,135
193,11571,73,42,136
194,68152,24,24,52
195,28823,83,27,78
196,99530,52,20,114
197,88772,64,19,178
198,82628,79,44,72
199,80775,49,47,98
200,90368,16,25,171
201,23197,56,72,78
202,38956,76,80,93
203,53490,62,100,186
204,70718,21,60,106
205,59158,27,15,96
206,18828,59,42,183
207,57012,83,36,152
208,18267,83,89,92
209,52656,46,87,86
210,76977,61,14,71
211,44210,93,14,152
212,97546,71,22,182
213,98767,17,24,200
214,47114,82,82,154
215,12843,73,90,123
216,53716,57,69,93
217,61636,58,65,135
218,84584,87,42,122
219,30787,14,13,171
220,80362,78,98,61
221,72553,28,98,157
222,37874,87,56,122
223,74429,16,96,143
224,21920,71,72,62
225,26632,89,33,80
226,61722,99,90,166
227,72643,24,13,70
228,41591,82,26,121
229,20987,49,24,200
230,47480,26,40,126
231,42406,19,16,156
232,96982,87,78,126
233,23004,46,28,169
234,18171,11,62,77
235,40782,35,13,104
236,61453,55,23,158
237,34388,34,74,111
238,89303,13,34,154
239,33606,78,79,178
240,73235,85,99,100
241,65107,97,37,74
242,40050,25,11,172
243,53251,90,94,188
244,72405,78,41,110
245,58160,52,46,94
246,57103,94,36,59
247,69324,14,92,64
248,61983,48,94,139
249,90092,78,35,112
250,84768,30,60,79
251,50817,77,43,86
252,56149,70,21,75
253,82374,45,19,99
254,40525,92,24,146
255,44329,14,55,112
256,74544,78,80,169
257,11445,43,75,112
258,59373,66,65,57
259,91162,69,86,108
260,56765,79,58,66
261,22918,58,21,72
262,98751,30,93,143
263,14977,17,37,149
264,35376,80,90,93
265,68993,65,53,180
266,49185,26,15,126
267,49255,80,70,82
268,64904,95,42,106
269,21709,13,71,66
270,57597,15,88,180
271,72069,91,31,189
272,47785,29,29,67
273,68698,15,87,162
274,33756,67,12,126
275,75057,91,38,154
276,78505,10,21,96
277,58338,83,24,69
278,86126,64,88,60
279,90134,46,92,90
280,19429,33,69,173
281,29653,56,19,100
282,39380,88,58,63
283,73571,60,69,166
284,57443,87,88,87
285,20945,18,78,75
286,97668,81,98,188
287,38989,36,44,170
288,73177,60,29,60
289,77971,51,41,122
290,13084,45,84,176
291,37751,90,73,74
292,70424,81,96,96
293,92472,77,69,125
294,98803,49,25,112
295,54630,100,88,74
296,18320,92,58,60
297,93945,66,33,122
298,75936,45,99,68
299,34258,47,11,172
