0,83727,75,20,194
1,52325,60,71,68
2,41062,52,88,185
3,54051,33,45,100
4,77115,86,14,170
5,86770,39,85,114
6,23462,46,80,112
7,71469,10,57,145
8,19455,65,90,169
9,93772,17,93,60
10,15955,63,59,107
11,92120,12,82,167
12,70811,20,21,105
13,99167,90,53,79
14,95793,85,24,133
15,28690,69,27,137
16,52645,84,88,136
17,57737,48,18,88
18,27594,41,12,184
19,43682,65,91,151
20,12760,35,11,55
21,38230,55,62,163
22,33205,32,58,116
23,33176,76,93,57
24,79336,60,93,183
25,69767,34,67,200
26,33670,34,43,66
27,26224,28,63,126
28,88495,53,18,196
29,91734,57,77,50
30,80085,33,62,96
31,27061,58,46,176
32,52247,41,21,77
33,24347,84,48,50
34,65722,58,34,107
35,86162,71,58,122
36,29767,10,56,85
37,95366,99,57,146
38,10487,27,80,185
39,39686,18,34,102
40,65739,43,64,98
41,50578,37,93,161
42,98627,90,91,69
43,92545,79,29,72
44,50387,84,94,79
45,70104,43,64,155
46,77434,31,86,121
47,87183,63,59,149
48,86498,32,80,166
49,33736,76,45,140
50,56325,63,10,171
51,92341,86,75,86
52,93565,23,19,86
53,33651,33,40,90
54,86798,13,14,179
55,52582,46,36,79
56,19394,68,48,84
57,94711,53,27,190
58,50838,50,86,136
59,58434,98,54,123
60,70137,76,28,122
61,12399,71,69,147
62,56184,96,24,136
63,19775,53,52,193
64,21584,60,47,129
65,98491,35,54,190
66,42029,35,66,175
67,94399,56,20,187
68,50742,39,55,177
69,99164,50,36,61
70,48754,92,96,55
71,19460,42,58,127
72,35178,60,49,185
73,64463,50,55,66
74,28237,72,72,172
75,75471,18,15,151
76,91728,25,12,70
77,63480,20,63,96
78,87129,21,64,150
79,87782,23,40,76
80,64916,50,16,66
81,34655,68,23,80
82,35308,40,13,178
83,71607,93,81,105
84,35613,86,20,191
85,85778,97,10,197
86,56064,83,42,76
87,20384,73,60,58
88,92205,45,41,187
89,39945,99,31,133
90,21340,81,45,103
91,68270,26,63,91
92,29321,86,73,191
93,22591,78,36,159
94,71208,80,54,123
95,16639,58,69,194
96,49244,45,48,132
97,98041,41,82,189
98,90039,48,92,86
99,60266,91,45,114
100,20385,72,32,120
101,64041,66,51,63
102,26358,50,17,200
103,67241,46,98,64
104,42585,61,73,80
105,54302,52,51,175
106,81278,47,53,102
107,94096,91,69,86
108,76553,11,25,106
109,77283,41,55,69
110,17703,75,50,161
111,86775,91,86,185
112,74399,78,27,148
113,33399,75,85,93
114,65251,29,22,191
115,53742,71,44,105
116,96671,38,36,199
117,39218,82,97,77
118,53878,81,91,83
119,91573,94,28,166
120,65944,98,61,170
121,81509,24,58,184
122,10263,18,47,145
123,47237,79,57,71
124,15579,78,71,168
125,62755,17,68,84
126,52630,37,72,77
127,62097,32,60,70
128,50485,39,77,106
129,12315,24,50,137
130,61755,78,18,190
131,65980,41,59,102
132,59176,60,94,124
133,37815,64,47,91
134,54228,60,54,69
135,74580,52,49,106
136,64739,70,29,172
137,92223,15,11,109
138,59519,37,30,133
139,32611,97,54,75
140,97028,54,72,54
141,57487,27,68,123
142,19213,14,24,115
143,68423,68,63,74
144,89018,57,40,51
145,13208,38,12,62
146,30045,16,62,72
147,68103,96,35,150
148,79557,26,36,84
149,15195,20,94,107
150,13409,82,32,138
151,86223,80,61,73
152,49041,77,40,91
153,98276,37,49,87
154,25214,32,37,194
155,93431,56,99,84
156,73058,93,79,82
157,61699,19,29,90
158,14671,57,41,163
159,73454,49,100,60
160,36210,69,71,85
161,23818,48,47,195
162,59368,39,98,187
163,91850,42,60,55
164,37262,93,78,174
165,50386,17,87,68
166,54217,97,28,152
167,66010,97,73,177
168,29444,31,96,163
169,57765,73,25,90
