0,56287,54,83,92
1,89223,74,21,85
2,80866,57,48,75
3,82550,80,63,89
4,97101,92,90,142
5,24395,16,62,162
6,17634,10,18,159
7,61576,81,67,170
8,92380,87,34,82
9,94091,70,25,182
10,85634,69,64,143
11,63184,60,68,98
12,69173,22,97,91
13,49401,95,19,62
14,98255,25,43,51
15,20027,72,57,129
16,58345,95,30,54
17,50383,35,29,133
18,15573,47,63,130
19,22972,37,61,190
20,45768,69,24,107
21,11221,73,16,166
22,60184,28,90,133
23,24273,79,71,81
24,22105,54,87,151
25,35185,34,64,146
26,17074,19,97,162
27,69442,89,89,127
28,91573,59,55,60
29,38845,66,58,77
30,94812,68,61,114
31,31945,28,84,103
32,50690,83,44,104
33,48359,20,96,181
34,51501,72,39,185
35,27120,83,45,123
36,94714,16,63,50
37,28518,96,67,134
38,68301,80,55,128
39,77964,27,98,135
40,95215,24,72,183
41,55998,50,47,86
42,40987,80,85,128
43,13347,87,34,120
44,41185,73,58,94
45,64299,40,50,80
46,89363,38,52,55
47,25849,53,12,138
48,14411,96,98,178
49,78328,60,61,129
50,90610,98,47,62
51,33885,87,30,159
52,53585,42,76,162
53,23645,58,50,80
54,96202,11,96,175
55,87883,81,59,104
56,58592,63,76,163
57,38155,44,91,93
58,91358,70,34,71
59,93920,11,13,104
60,10830,97,74,191
61,51618,51,89,197
62,35908,31,87,70
63,54812,78,77,87
64,45744,23,11,136
65,27922,59,34,198
66,78298,10,16,50
67,90933,35,95,173
68,51276,69,64,60
69,75241,83,43,58
70,87936,72,89,141
71,51987,12,96,139
72,19216,28,78,124
73,73134,32,44,64
74,82522,59,45,178
75,14268,71,88,102
76,95539,100,98,197
77,45718,35,99,93
78,31114,23,80,70
79,91319,17,32,60
80,99601,56,86,89
81,70297,77,59,174
82,63492,18,71,195
83,96455,84,57,106
84,52385,32,11,120
85,35794,18,89,56
86,50883,81,98,94
87,41541,16,44,164
88,35778,17,62,127
89,91093,84,86,85
90,45019,96,24,132
91,19326,18,48,126
92,48693,80,10,70
93,85433,13,68,160
94,55377,39,59,64
95,14854,26,24,139
96,45439,78,12,125
97,83558,62,20,166
98,18582,98,53,62
99,27955,10,49,65
100,29498,75,76,197
101,20142,48,91,174
102,79681,82,88,111
103,55923,71,61,186
104,51377,98,46,50
105,97840,18,88,177
106,65265,93,85,90
107,98193,12,91,114
108,90502,66,84,62
109,93806,58,68,178
110,67959,22,77,152
111,64062,48,17,59
112,85884,92,34,172
113,69894,94,15,113
114,89940,68,30,188
115,65181,20,97,81
116,39841,80,63,122
117,76954,100,75,65
118,23759,98,57,97
119,93882,46,46,95
120,82967,78,54,64
121,28551,42,31,156
122,79234,53,100,123
123,89981,21,58,149
124,27678,70,55,50
125,58139,97,23,165
126,42899,94,45,87
127,39476,45,74,175
128,42786,100,90,120
129,41039,88,91,189
130,82788,89,79,62
131,13901,61,25,118
132,55526,11,80,121
133,84800,16,76,196
134,57921,15,25,147
135,90218,24,26,194
136,60749,22,94,117
137,16592,13,91,51
138,17532,19,79,112
139,38827,87,52,179
140,63898,45,97,61
141,82096,61,36,137
142,51252,46,42,125
143,65603,68,19,68
144,78149,94,41,130
145,71584,88,71,63
146,36011,36,10,139
147,38178,69,77,176
148,33239,64,49,50
149,45412,66,81,152
150,65139,20,51,149
151,80916,22,14,135
152,91621,78,14,146
153,74489,20,63,58
154,28263,74,11,134
155,84322,23,68,133
156,38255,60,19,117
157,98328,97,76,200
158,83388,19,100,169
159,27776,100,32,166
160,93362,79,60,73
161,67769,59,22,69
162,58771,10,57,110
163,57304,81,80,76
164,21615,10,85,79
165,96098,65,69,99
166,42657,63,55,125
167,75843,23,69,74
168,46796,48,50,132
169,48177,17,59,180
170,12660,83,92,118
171,74550,89,56,200
172,75543,44,43,103
173,69030,32,51,177
174,85959,37,10,118
175,55385,59,25,155
176,91605,22,39,74
177,89389,93,74,123
178,55561,12,17,128
179,16945,67,53,114
180,89788,55,76,57
181,46022,35,90,82
182,49537,27,54,67
183,86657,18,78,54
184,66294,70,24,147
185,54927,60,96,193
186,64632,84,44,84
187,62226,72,71,88
188,36004,84,81,98
189,30484,51,96,154
190,42546,100,83,90
191,78872,52,62,125
192,43427,67,89,138
193,51435,49,59,88
194,39663,69,45,136
195,34005,96,63,194
196,22434,71,86,89
197,31335,12,74,127
198,41959,57,10,116
199,75509,83,38,175
