0,38926,29,14,97
1,39688,68,63,175
2,22708,12,53,66
3,30780,76,15,165
4,34508,58,66,146
5,40165,55,83,81
6,64713,79,68,67
7,67157,73,63,171
8,95523,84,51,64
9,80714,58,47,66
10,35290,62,37,124
11,13007,100,59,177
12,66060,39,45,188
13,77034,46,41,122
14,12451,57,86,80
15,19126,82,23,56
16,79450,66,19,187
17,93446,87,25,142
18,14437,96,88,117
19,98424,65,91,119
20,70526,87,73,105
21,28774,70,55,106
22,63818,18,83,145
23,43070,74,25,168
24,88497,35,17,75
25,98023,69,93,116
26,71326,93,24,69
27,18871,72,44,118
28,79172,36,78,65
29,57314,60,14,55
30,96106,14,98,79
31,40126,41,90,167
32,50002,63,93,164
33,22581,40,36,75
34,20806,53,39,166
35,49264,25,64,130
36,90096,38,26,72
37,17075,39,68,132
38,70382,78,50,142
39,19781,72,69,189
40,42818,65,60,185
41,52996,87,18,144
42,65895,89,63,83
43,92290,92,15,167
44,27938,46,37,62
45,44904,19,95,60
46,41616,64,32,75
47,31354,77,59,112
48,21089,12,98,148
49,90208,81,90,147
50,72784,33,61,91
51,48494,13,30,199
52,63803,33,72,117
53,19822,11,65,154
54,71037,26,54,178
55,39268,26,43,184
56,29880,42,46,109
57,44306,15,25,82
58,75729,95,44,94
59,20783,28,52,65
60,88076,96,43,130
61,52054,65,43,68
62,62943,29,78,144
63,86380,16,89,146
64,87415,84,48,192
65,33989,54,23,63
66,71557,71,92,80
67,73648,23,67,77
68,11668,10,10,100
69,39678,75,98,83
70,76381,87,90,98
71,17537,100,75,188
72,29524,87,29,86
73,11745,47,98,177
74,28293,77,51,65
75,99775,16,83,164
76,46978,18,37,68
77,60947,92,22,148
78,48396,89,33,115
79,95364,66,54,160
80,38542,45,74,89
81,73455,25,31,151
82,80338,79,14,167
83,91533,50,47,132
84,23446,41,49,137
85,43140,73,46,189
86,88751,46,59,114
87,38057,33,54,80
88,97596,13,10,176
89,34710,42,88,76
90,62355,54,17,151
91,53027,57,90,90
92,62449,68,92,144
93,48504,41,45,110
94,50014,80,65,106
95,91050,46,67,125
96,52856,98,59,200
97,46152,79,44,104
98,19116,49,99,125
99,81314,32,24,153
100,60663,39,44,123
101,70930,94,17,57
102,62018,46,76,194
103,75386,32,85,92
104,72763,80,37,153
105,63733,84,29,69
106,48201,56,27,58
107,21412,22,87,119
108,24495,91,99,85
109,42923,15,34,89
110,49434,15,79,63
111,60356,60,30,55
112,39414,68,29,108
113,96608,82,24,113
114,89991,98,43,144
115,30931,38,74,200
116,13186,31,30,59
117,55344,84,41,179
118,35005,86,92,78
119,61941,93,54,106
120,27711,10,99,74
121,79557,99,10,104
122,85896,37,85,114
123,40545,49,59,119
124,64952,89,10,159
125,39065,33,72,146
126,87994,72,93,92
127,30314,40,49,176
128,11026,86,41,83
129,27036,37,94,112
130,11862,42,48,186
131,12070,82,95,77
132,50540,42,23,194
133,26689,75,30,134
134,62468,30,66,187
135,41981,33,55,149
136,41196,43,58,90
137,22264,70,54,78
138,12291,97,50,195
139,21282,99,71,51
140,84233,55,45,82
141,28817,84,17,58
142,28414,24,93,55
143,49454,77,97,136
144,75089,66,45,125
145,25691,62,29,174
146,12329,34,77,120
147,32845,55,21,118
148,31978,50,63,186
149,82010,65,61,145
150,90824,36,22,145
151,61239,10,52,161
152,57842,72,88,151
153,67745,72,57,152
154,93350,73,76,199
155,65775,83,77,176
156,43105,51,35,140
157,58208,71,26,120
158,52881,40,60,174
159,42050,65,75,148
160,79342,41,29,111
161,33483,86,34,93
162,37296,19,50,104
163,59402,32,68,120
164,48952,35,39,152
165,34498,13,62,147
166,24920,19,64,196
167,37486,37,96,130
168,68128,96,68,54
169,78799,81,95,189
170,26284,45,95,110
171,15841,19,88,85
172,76184,39,92,189
173,44874,39,80,56
174,67035,73,61,77
175,24294,89,66,117
176,86956,69,33,117
177,79644,10,21,113
178,47195,10,42,186
179,69570,22,82,176
180,28008,85,29,93
181,16949,60,47,170
182,91817,46,37,88
183,90977,57,11,53
184,45179,96,90,131
185,31767,84,85,80
186,49283,98,61,71
187,96057,80,68,153
188,89313,53,44,163
189,95189,45,65,170
190,44123,17,30,67
191,98312,92,66,98
192,99107,61,19,151
193,74834,92,69,166
194,35074,53,18,119
195,62556,83,12,157
196,66998,87,47,197
197,75199,85,90,124
198,49401,24,23,115
199,80074,49,47,141
200,21433,99,13,184
201,45755,31,86,113
202,68747,21,19,90
203,29256,55,92,55
204,80151,25,22,129
205,94673,93,46,122
206,96133,73,17,62
207,70683,23,28,173
208,63395,50,53,67
209,74196,20,92,164
210,45867,66,37,124
211,21905,83,91,161
212,76867,25,63,127
213,71495,57,29,165
214,23047,15,11,191
215,11023,89,81,117
216,54670,54,26,148
217,17094,13,25,134
218,87142,46,70,181
219,19567,68,84,165
220,92763,20,13,81
221,73140,28,12,108
222,43988,26,14,164
223,33214,46,62,94
224,31140,39,93,131
225,70707,70,89,190
226,95063,96,81,151
227,53128,89,35,117
228,85122,83,19,127
229,80309,55,46,112
230,99325,57,34,130
231,22639,17,33,71
232,43258,53,87,87
233,92291,40,15,87
234,65590,96,95,182
235,45291,96,29,133
236,87536,64,57,77
237,23901,91,41,104
238,64606,87,15,198
239,73183,58,91,94
240,33782,48,20,160
241,52875,18,38,96
242,84492,91,39,181
243,50013,45,73,84
244,90242,50,90,76
245,50296,77,88,87
246,40572,87,72,95
247,77064,21,45,82
248,90705,69,62,177
249,55082,79,94,60
250,85296,71,73,143
251,99815,76,29,156
252,87651,23,38,59
253,93584,79,15,114
254,67364,72,68,50
255,13986,88,19,76
256,20948,70,10,147
257,66826,54,29,179
258,59195,19,46,71
259,86477,26,44,140
260,11335,77,65,138
261,56701,32,52,192
262,76185,46,99,82
263,96326,12,79,150
264,40098,41,90,62
265,17059,61,20,187
266,80227,20,78,143
267,61509,78,51,177
268,38962,66,99,124
269,73270,38,20,88
270,48891,19,87,145
271,30386,32,30,113
272,23242,82,17,165
273,46408,81,29,53
274,31777,68,86,157
275,50001,70,98,133
276,50129,76,76,132
277,97125,85,37,200
278,99827,78,75,141
279,31978,24,95,115
280,10850,65,36,118
281,41253,77,11,120
282,74665,83,92,79
283,17459,67,19,150
284,78046,12,65,73
285,16000,53,99,198
286,68557,29,35,112
287,84871,66,66,174
288,31313,18,45,169
289,12080,17,22,162
290,13925,99,71,113
291,20434,47,82,101
292,19671,37,72,126
293,27122,72,46,150
294,52617,45,17,153
295,46949,16,10,62
296,67957,11,43,180
297,13580,41,94,160
298,97187,20,16,196
299,10848,36,16,182
300,32757,38,36,185
301,20716,99,22,50
302,35348,40,38,145
303,98535,24,45,77
304,82450,35,24,80
305,69017,56,11,69
306,36336,68,93,153
307,55452,30,77,145
308,80148,99,87,61
309,27040,92,22,111
310,65520,39,100,91
311,17442,53,87,131
312,99285,39,83,172
313,82572,10,59,163
314,56114,99,20,187
315,47191,38,76,135
316,74240,78,56,162
317,10331,97,78,166
318,37919,57,35,145
319,37750,85,25,186
320,11714,70,11,172
321,18170,70,21,84
322,77367,76,16,104
323,24614,66,56,95
324,22877,11,86,73
325,26674,19,37,156
326,84788,11,75,70
327,17814,85,93,82
328,20495,57,42,75
329,45088,17,52,183
330,24018,70,91,193
331,41833,70,22,118
332,96636,58,99,192
333,68167,38,39,80
334,38137,66,87,187
335,41448,51,87,76
336,43258,68,77,137
337,31616,50,90,58
338,54607,51,10,85
339,85223,79,21,151
340,22200,80,80,55
341,88855,67,58,73
342,88754,63,63,160
343,78819,40,94,153
344,82728,35,57,148
345,84619,21,99,56
346,46103,50,14,97
347,21728,14,97,184
348,63449,97,40,58
349,73036,26,86,158
350,63988,95,52,112
351,70395,83,48,142
352,55956,67,34,93
353,75187,18,82,72
354,36505,33,45,84
355,89796,73,36,50
356,43093,55,46,165
357,68970,20,93,59
358,49889,28,50,135
359,91804,52,74,151
360,96132,83,100,190
361,17263,33,22,102
362,96210,92,48,143
363,26611,87,69,118
364,34215,59,66,165
365,26660,24,94,72
366,33161,59,44,81
367,63347,97,32,101
368,56480,26,55,100
369,18157,99,32,104
370,52563,89,67,87
371,16293,68,49,69
372,18241,31,96,124
373,55669,55,56,98
374,71438,49,65,125
375,87912,59,83,184
376,79198,73,57,105
377,32305,10,58,63
378,21091,20,69,175
379,23695,77,55,176
380,31437,78,96,74
381,22304,14,81,186
382,91410,90,39,154
383,61614,91,83,148
384,24834,53,96,74
385,40241,10,31,166
386,42639,69,26,88
387,32864,94,33,162
388,73707,25,47,84
389,24480,16,32,167
390,39954,76,14,132
391,33051,29,65,50
392,94117,100,17,67
393,55535,90,52,145
394,14112,98,98,68
395,98135,74,53,119
396,56172,66,50,161
397,14687,57,81,150
398,23086,31,93,89
399,24488,76,92,124
400,23639,20,29,135
401,47398,85,53,198
402,53465,81,30,117
403,73875,51,34,197
404,24942,52,47,160
405,73506,18,61,69
406,12176,75,20,147
407,56052,22,35,193
408,16650,62,54,149
409,22429,95,60,131
410,19954,87,95,87
411,43500,87,25,120
412,65226,82,91,93
413,81123,15,42,142
414,32249,31,17,165
415,31212,81,80,96
416,47995,20,87,60
417,25714,55,36,90
418,93783,21,37,197
419,29443,48,67,122
420,65530,31,72,122
421,42567,87,25,162
422,34570,58,47,168
423,97223,48,17,140
424,14082,100,85,83
425,51346,73,25,132
426,15680,55,32,149
427,82189,34,53,173
428,76106,62,68,56
429,73164,52,78,166
430,97602,73,17,128
431,18203,13,53,64
432,93865,31,87,169
433,95096,28,47,58
434,28278,49,83,145
435,21515,71,29,188
436,93526,81,87,80
437,48252,73,13,168
438,96210,11,79,171
439,97677,17,38,129
440,33694,67,94,194
441,94790,94,18,97
442,65549,88,16,113
443,20669,14,11,138
444,61832,24,12,70
445,97274,30,99,70
446,11904,70,30,143
447,61325,54,71,175
448,23851,93,88,63
449,76753,65,81,126
450,96379,57,68,62
451,82460,21,45,139
452,61149,83,41,167
453,76039,45,99,197
454,34849,95,45,94
455,46434,40,21,171
456,78342,84,43,55
457,63928,31,66,165
458,56542,57,66,167
459,12584,51,93,188
460,13595,20,43,111
461,71330,65,78,102
462,65878,55,71,133
463,90099,97,99,110
464,97363,60,40,65
465,12497,87,48,183
466,89307,10,56,106
467,56038,65,63,191
468,33137,46,52,56
469,64375,31,19,162
470,76961,63,83,175
471,21602,71,50,56
472,95212,78,13,106
473,22903,10,97,127
474,39584,31,92,187
475,69456,91,16,175
476,70759,71,36,183
477,42013,43,51,155
478,58648,16,16,143
479,54685,43,33,74
480,15516,48,13,181
481,68762,48,11,95
482,55771,35,64,170
483,35190,23,32,105
484,93887,74,73,53
485,72054,55,38,93
486,71937,25,97,172
487,35476,20,46,182
488,28397,17,91,147
489,63999,87,52,94
490,76224,79,51,193
491,46491,59,27,162
492,41938,31,97,97
493,27102,41,52,52
494,82707,36,81,183
495,35239,64,64,176
496,72384,50,48,90
497,60817,60,39,62
498,56781,99,69,83
499,57839,32,25,171
