0,30931,27,73,139
1,60796,88,19,127
2,15382,68,57,139
3,53292,16,99,197
4,39448,14,11,159
5,60679,74,79,168
6,53798,22,81,75
7,24311,33,59,150
8,33555,24,100,58
9,15712,44,31,96
10,48119,15,60,101
11,53113,67,15,155
12,42463,57,52,139
13,24721,50,78,122
14,28642,21,23,83
15,60273,56,27,68
16,38152,70,13,174
17,79666,12,74,106
18,28935,25,79,199
19,21756,90,15,59
20,83840,94,66,95
21,92932,83,48,64
22,74827,63,96,142
23,76854,96,82,152
24,99802,72,50,159
25,24683,87,17,76
26,42774,17,91,166
27,61295,14,70,191
28,72675,97,97,120
29,47039,74,68,157
30,20214,93,83,98
31,68063,10,45,172
32,61886,68,46,79
33,55608,95,71,70
34,17706,20,88,116
35,57844,18,82,101
36,17860,69,78,54
37,58077,49,26,168
38,95224,39,27,50
39,83737,13,76,81
40,67385,56,59,108
41,89482,37,47,157
42,23360,50,31,59
43,86691,81,16,88
44,20022,97,93,52
45,90992,96,68,187
46,57847,70,98,182
47,34101,82,100,86
48,87261,57,13,123
49,19179,35,22,102
50,43485,15,94,167
51,14736,22,76,110
52,44245,66,30,91
53,54800,77,94,188
54,99505,90,81,66
55,27047,91,69,173
56,95394,97,83,180
57,86455,88,84,193
58,42236,82,95,130
59,51653,14,30,104
60,61364,72,76,172
61,40812,51,48,101
62,19591,46,44,52
63,27295,100,74,174
64,29142,45,53,123
65,91659,78,12,85
66,62172,84,62,61
67,90937,36,78,190
68,99419,38,55,150
69,60182,57,21,179
