0,57251,29,72,89
1,52352,11,90,187
2,48886,32,75,142
3,79423,58,33,153
4,57436,98,90,116
5,47858,34,26,55
6,32328,26,72,59
7,41051,46,65,100
8,99217,59,67,104
9,78226,11,72,71
10,74591,14,61,67
11,47599,65,24,164
12,46572,29,23,80
13,23897,82,92,170
14,17553,83,25,150
15,21815,18,20,117
16,47010,100,77,97
17,33697,45,62,123
18,31600,17,98,152
19,90819,73,13,93
20,77100,21,38,121
21,23390,26,21,122
22,32362,53,77,111
23,43404,70,95,115
24,96330,58,81,138
25,77431,82,48,66
26,53026,82,82,125
27,69499,62,51,170
28,26168,77,97,92
29,17622,88,22,107
30,21507,75,99,141
31,15600,92,81,89
32,85078,64,81,117
33,77224,18,69,157
34,57344,27,29,89
35,75780,16,76,138
36,73230,76,79,131
37,28828,85,19,174
38,82995,30,87,55
39,63158,73,31,181
40,93732,93,71,194
41,18296,47,85,63
42,91465,52,70,140
43,76599,59,87,56
44,54344,34,89,112
45,80761,33,85,54
46,52469,50,28,200
47,76025,46,76,89
48,16578,21,13,184
49,40133,53,39,193
50,66922,53,62,99
51,28017,16,28,107
52,41959,89,83,123
53,80301,16,94,110
54,15633,81,92,125
55,41969,50,89,70
56,77911,43,39,193
57,89729,94,89,146
58,89799,75,11,188
59,62845,84,58,64
60,31230,12,97,100
61,41680,35,86,124
62,10845,84,38,199
63,95907,37,57,113
64,82897,39,54,149
65,73506,11,55,124
66,13521,22,80,101
67,51667,35,62,129
68,64774,75,66,190
69,14143,47,90,107
70,48731,10,42,68
71,65156,88,46,176
72,95328,13,36,129
73,88545,28,91,111
74,66606,87,11,113
75,19971,24,37,144
76,73240,22,16,99
77,10626,11,86,111
78,11659,92,69,102
79,52052,58,74,126
80,62915,58,18,131
81,93603,58,61,129
82,81546,64,29,133
83,63486,31,33,87
84,70924,99,50,63
85,22363,92,68,195
86,69914,83,17,137
87,58941,65,64,175
88,78754,37,42,55
89,14442,68,76,135
90,40989,66,64,185
91,67282,60,38,110
92,60472,94,42,69
93,84064,85,57,137
94,23351,74,100,91
95,87442,54,77,93
96,44813,49,100,155
97,30516,31,15,129
98,51924,84,68,91
99,22757,77,68,110
100,55429,62,31,164
101,59307,43,88,190
102,45501,99,28,129
103,58966,71,10,120
104,87835,53,29,146
105,65896,42,95,101
106,36670,78,16,125
107,28793,95,27,147
108,58962,64,49,172
109,16105,16,90,68
110,87911,98,16,106
111,52190,63,13,81
112,75465,85,16,110
113,99228,80,91,115
114,97268,96,29,111
115,26364,55,17,186
116,83092,59,70,60
117,91110,96,26,92
118,31200,91,74,140
119,46799,70,34,197
