0,94244,35,54,186
1,41937,70,69,186
2,98095,83,14,188
3,26489,24,47,186
4,45618,53,44,85
5,90952,97,60,55
6,82905,55,12,164
7,49668,60,75,145
8,33270,42,76,132
9,32598,31,41,73
10,87784,12,26,63
11,78017,69,61,144
12,64887,25,51,85
13,26046,38,59,165
14,40492,65,17,165
15,19154,47,34,189
16,34625,54,74,83
17,85768,30,37,181
18,69394,86,78,72
19,60491,31,52,61
20,19295,95,62,79
21,25585,99,10,69
22,63136,33,100,120
23,63312,91,42,107
24,33841,89,45,155
25,43627,11,26,92
26,24048,34,28,97
27,77931,12,98,94
28,98113,38,44,54
29,63744,91,74,59
30,64512,19,50,61
31,35081,77,45,53
32,44075,54,55,84
33,49065,66,100,164
34,87340,100,32,187
35,66705,90,18,127
36,12088,72,58,98
37,93431,37,59,88
38,73393,62,10,133
39,62103,82,25,146
40,40536,41,24,108
41,65890,27,73,184
42,35715,68,44,67
43,18223,88,82,143
44,79413,62,44,140
45,77860,38,69,87
46,56065,20,84,101
47,29087,59,27,75
48,68748,28,98,123
49,79206,25,17,191
50,38210,14,31,101
51,58671,89,42,65
52,20866,35,24,167
53,29852,81,53,143
54,40709,64,37,126
55,24134,64,35,91
56,34508,27,71,194
57,18992,23,18,184
58,76718,65,66,171
59,22260,68,79,195
60,46762,17,11,58
61,26997,45,99,177
62,92452,93,23,74
63,20471,56,75,61
64,64037,16,58,171
65,30113,72,12,159
66,30663,48,68,101
67,34910,58,15,118
68,93712,95,38,83
69,73109,40,75,129
70,17397,72,80,100
71,61369,71,12,119
72,80463,96,100,54
73,73690,43,78,55
74,80891,11,30,75
75,51750,32,11,69
76,54091,60,81,113
77,90079,12,41,112
78,16099,66,24,138
79,84037,72,46,53
80,40888,64,76,102
81,99084,94,25,177
82,77581,56,31,124
83,68123,92,17,149
84,99529,17,80,121
85,53852,71,19,129
86,93779,77,55,76
87,75368,53,33,127
88,30743,41,45,55
89,72451,64,18,85
90,14026,21,52,137
91,58627,71,39,121
92,42696,93,44,191
93,16169,24,30,129
94,45789,45,99,147
95,66546,46,95,144
96,42526,58,71,159
97,76376,77,94,180
98,89789,94,19,69
99,45533,23,91,62
100,22242,40,58,161
101,19989,75,72,99
102,74745,36,100,155
103,41394,76,75,63
104,92427,13,57,118
105,77726,29,78,61
106,30647,12,83,152
107,36155,20,83,183
108,44588,13,81,108
109,90721,24,35,147
110,87170,78,68,180
111,51238,37,51,119
112,70802,81,56,62
113,14483,35,72,89
114,37205,76,24,181
115,58484,22,28,56
116,32108,47,99,105
117,40877,67,40,196
118,96486,13,51,78
119,57278,34,71,144
120,79568,55,97,52
121,11111,30,98,111
122,24402,76,42,137
123,87397,41,17,168
124,49730,99,100,165
125,65265,49,40,158
126,20016,52,21,58
127,42402,29,70,89
128,44364,25,88,154
129,30413,81,94,50
130,14877,89,57,176
131,93659,12,68,152
132,97671,64,11,74
133,63061,24,18,101
134,97212,58,92,92
135,52560,11,68,175
136,11954,52,84,56
137,56613,28,99,173
138,87189,99,12,170
139,97454,58,28,168
140,67575,99,43,56
141,12576,68,18,146
142,82925,65,35,85
143,67557,70,59,170
144,77580,21,46,160
145,32576,27,34,122
146,12280,33,90,92
147,37261,50,45,76
148,48354,77,61,176
149,76134,91,35,158
150,91045,33,14,112
151,72272,38,36,95
152,40348,19,89,102
153,13676,47,76,131
154,55782,88,69,75
155,68953,68,83,188
156,56358,87,64,158
157,67567,20,59,194
158,11285,31,73,114
159,89379,62,44,133
160,29383,63,91,191
161,24468,12,92,148
162,89040,79,66,121
163,97341,56,75,98
164,84640,84,33,118
165,21894,34,84,84
166,54820,95,99,159
167,60388,90,99,200
168,28787,59,66,182
169,47932,89,48,86
170,28266,55,36,84
171,35979,24,69,195
172,59751,56,65,198
173,21775,68,15,69
174,36701,71,23,101
175,11627,81,46,81
176,78920,44,27,154
177,97706,95,61,142
178,77085,57,26,71
179,75859,33,35,162
180,58255,11,23,164
181,57739,88,68,167
182,30496,57,63,78
183,59927,59,67,139
184,69729,11,67,127
185,73742,70,48,56
186,58238,46,84,131
187,37355,11,46,147
188,17760,10,76,198
189,98706,40,60,195
190,42349,37,23,196
191,44749,47,38,146
192,66645,43,18,163
193,90869,74,60,165
194,97308,93,86,54
195,81273,96,61,117
196,38607,15,10,174
197,63930,68,83,50
198,49388,61,66,184
199,74488,33,66,88
200,24442,58,55,77
201,90675,14,42,101
202,41147,98,67,83
203,14873,99,53,140
204,49982,18,51,188
205,37833,44,86,153
206,75930,47,56,106
207,16584,91,96,95
208,18826,16,64,97
209,77516,78,28,187
210,42178,95,54,112
211,61400,84,53,172
212,57032,89,80,73
213,62617,35,80,193
214,90973,59,100,142
215,67378,26,14,73
216,61665,51,63,140
217,94526,26,91,192
218,44811,62,85,54
219,13071,82,45,89
220,59750,22,39,126
221,16839,79,64,192
222,43550,61,78,113
223,64154,41,50,99
224,47126,58,65,177
225,42824,87,24,146
226,62360,88,75,150
227,71174,97,40,54
228,90638,22,42,124
229,95962,93,42,160
230,28319,97,30,169
231,30671,56,75,166
232,41791,17,28,124
233,65526,50,79,119
234,95435,77,39,169
235,91459,74,23,146
236,35178,51,35,114
237,64542,56,89,85
238,23934,50,21,188
239,33072,73,28,166
240,78435,52,98,64
241,71531,79,79,112
242,50900,77,92,113
243,89508,56,49,88
244,73145,82,37,175
245,64393,94,89,100
246,79114,48,37,198
247,12498,57,49,84
248,98740,84,100,71
249,48824,62,100,72
250,98959,90,93,93
251,37355,94,33,185
252,82102,68,98,126
253,23456,52,88,72
254,93839,41,25,140
255,56235,28,57,196
256,14409,14,94,200
257,54989,57,17,91
258,90265,40,78,98
259,60066,40,38,158
260,59709,60,71,97
261,28216,41,62,200
262,23991,66,17,66
263,50270,84,39,117
264,32268,85,51,78
265,45944,67,49,197
266,45285,94,90,157
267,74257,24,22,68
268,23359,55,23,158
269,92698,47,39,157
270,82660,71,85,116
271,83728,20,70,87
272,10448,32,24,81
273,19945,85,66,155
274,16449,60,78,105
275,89278,74,32,180
276,26200,82,49,102
277,85733,18,17,187
278,98042,13,45,200
279,42852,56,99,73
280,80051,36,15,87
281,89899,54,84,173
282,79662,95,70,104
283,75804,20,36,180
284,15534,90,13,59
285,45133,19,22,161
286,83835,58,44,185
287,85033,40,19,148
288,82291,16,15,117
289,73199,76,70,195
290,12024,79,99,194
291,32594,18,78,123
292,41433,84,10,97
293,59173,20,99,142
294,73017,23,100,187
295,47504,68,74,148
296,67009,57,82,178
297,97742,89,41,86
298,53574,92,81,189
299,80711,56,74,57
300,37823,85,60,107
301,25260,47,37,103
302,54087,49,71,175
303,75954,98,29,70
304,76600,22,82,124
305,69136,86,66,170
306,31514,90,14,196
307,15857,50,83,65
308,85991,47,54,144
309,56261,51,17,73
310,56908,77,45,62
311,31194,21,24,68
312,97727,71,12,167
313,73794,47,13,195
314,42564,11,50,132
315,18080,86,55,89
316,24310,94,47,130
317,51426,89,61,137
318,75715,79,19,180
319,61616,97,50,137
320,74499,90,35,118
321,28085,30,100,78
322,24308,22,49,168
323,47801,27,94,199
324,23834,62,17,193
325,54884,26,15,155
326,26222,10,92,133
327,47157,14,73,147
328,11098,35,34,58
329,70489,66,64,104
330,91869,90,61,141
331,74978,25,14,71
332,70697,11,62,83
333,12630,51,90,66
334,48079,74,57,157
335,34967,56,52,131
336,13976,49,38,129
337,51574,30,76,158
338,14980,30,84,139
339,34013,38,94,131
340,38677,46,26,147
341,58965,78,36,75
342,86465,71,88,177
343,39855,60,99,107
344,62066,35,53,144
345,82272,60,32,130
346,83941,11,97,175
347,96113,67,33,116
348,41113,76,26,87
349,43366,88,59,122
350,62522,23,70,57
351,96640,12,89,124
352,80120,99,98,66
353,14704,87,61,56
354,12824,83,31,122
355,32213,63,32,150
356,20586,83,99,172
357,35130,65,37,70
358,73017,58,29,113
359,73127,57,64,51
360,62544,66,41,140
361,65690,65,41,137
362,38416,67,69,143
363,70486,96,35,193
364,47090,38,54,182
365,42167,89,78,91
366,41687,38,14,172
367,19187,49,53,59
368,86512,22,92,91
369,97289,35,82,149
370,53290,73,75,145
371,47083,79,50,55
372,37387,58,53,83
373,75944,25,52,139
374,30918,92,41,116
375,87686,88,68,124
376,19956,23,28,156
377,22783,57,16,114
378,64772,29,17,145
379,46517,51,10,112
380,60740,66,34,130
381,97113,64,12,83
382,87640,17,20,83
383,92618,28,59,62
384,60275,34,45,196
385,64418,23,83,119
386,90960,79,25,98
387,78146,21,21,86
388,64679,31,91,195
389,69244,69,72,195
390,84037,58,26,142
391,49983,21,11,93
392,18733,83,78,112
393,29704,38,24,182
394,25578,76,34,67
395,15562,87,50,170
396,22474,15,48,128
397,37371,83,92,110
398,18137,54,79,95
399,61462,82,70,62
